AVG attempts: 9.69921875
AVG Execution Time: 0.7846240253906256
Attack key: 0
[223 225 239 244 245]
[ 81  94  96 119 144]
[  0  52 152 224 149]
[188  39 171 239   0]
Key 0 found in: 4 traces
0.49215219999996407 seconds

Attack key: 1
[184 191 245 253 255]
[247  46 138 253 255]
[ 83  87 253 255   1]
Key 1 found in: 3 traces
0.3499469999997018 seconds

Attack key: 2
[205 224 233 240 247]
[ 96 157 233  69   2]
Key 2 found in: 2 traces
0.2628558000001249 seconds

Attack key: 3
[240 242 243 249 255]
[133 195 196 207 221]
[ 91 132 196 207 221]
[ 48  19  97 181  91]
[ 99  65 221  49   7]
[ 22  99  65 221  49]
[ 99 207  65  22 221]
[ 25 187  99 221  22]
[ 40 221  25  99  22]
[ 49 108 158 221  23]
[187  49  23 108 221]
[  3  23   4 187 221]
[164  49   3 187 221]
[164  49   3 187 221]
[140  75 187 221   3]
Key 3 found in: 15 traces
1.285844300000008 seconds

Attack key: 4
[241 245 246 248 252]
[144 163 174 204 207]
[246 151  19  24 174]
[151  46  44 253 246]
[ 29 152 176  32 253]
[202 176  29 152  32]
[202 176  29 152  32]
[246 176  44 152  32]
[ 49 221  29  44 123]
[202  48 123  11   4]
Key 4 found in: 10 traces
0.7845102999999654 seconds

Attack key: 5
[175 204 212 218 242]
[159 183 230 233 150]
[114 183  94 159 233]
[  3 175 156  94 233]
[ 94 233   3 175 156]
[ 39 231   3 175 156]
[150 144 122   3   5]
Key 5 found in: 7 traces
0.5839589000001979 seconds

Attack key: 6
[ 89  94 116 140 151]
[228  19  27  94 116]
[ 51  17   6 123 121]
[ 19 123  50   6 121]
[107 108 123   6 121]
[111 107 108   6 121]
[123 187 231   6 121]
[ 77  19 231   6 121]
[ 77 123  19 231   6]
Key 6 found in: 9 traces
0.7406872999999905 seconds

Attack key: 7
[245 247 251 253 254]
[227 237 241 253 254]
[101   7  52  85 102]
[227   9   7  52 102]
[227   7 181 127   9]
[  9 161 116 227 181]
[106 181   7   9 116]
[227 181 124   9   7]
Key 7 found in: 8 traces
0.6666979999999967 seconds

Attack key: 8
[194 213 225 233 238]
[ 56  62  86  88 151]
[ 14  48 118 150  62]
[ 48 150   8  47 118]
[ 10   8  56  48 118]
[118  86   8  56  10]
[ 76   8 126 166  10]
[118  76 166   8  10]
[115 126 166 118   8]
Key 8 found in: 9 traces
0.8108298000001923 seconds

Attack key: 9
[198 208 222 248 254]
[208 248  19 150 254]
[198 248 165  19 254]
[198 248 165  19 254]
[ 58  61 198 248 254]
[227   9  61 198 254]
[248 227   9 198 254]
[ 58 227 198   9 254]
[ 79 248  58   9 198]
[165 248  79  58   9]
Key 9 found in: 10 traces
1.0899500999998963 seconds

Attack key: 10
[237 239 241 250 253]
[211 221 239 250 253]
[171 201 205 207 250]
[ 81  57 113  10 127]
[113 127 188  57  10]
Key 10 found in: 5 traces
0.4611637000002702 seconds

Attack key: 11
[233 238 246 251 253]
[170 127 120 177  35]
[126 218 127 177 120]
[238  13 126 127 120]
[127 238 136 212  13]
[127  11  13 136 238]
[127 151  11 238 136]
[ 32  11 127 238 136]
[149  35  32  11 126]
[ 27 140 149 126  11]
Key 11 found in: 10 traces
0.7624973000001773 seconds

Attack key: 12
[223 236 237 246 248]
[110 124 125 223 246]
[ 46 151 180 237 150]
[217  88 201  46 150]
[ 67  88 217 201 150]
[228 232 150  88 224]
[228 232 109 150  88]
[184 109  88 228 232]
[109 184  88 232 228]
[ 73 184  88 232 228]
[119 180 232 184  12]
Key 12 found in: 11 traces
0.815572400000292 seconds

Attack key: 13
[ 82 120 127 170 177]
[199 212  63  82  61]
[147 212 237 120  63]
[ 13  21  74 120  63]
[ 27 120  74  13  63]
[ 97  21  74 120  13]
Key 13 found in: 6 traces
0.49866709999969316 seconds

Attack key: 14
[ 82  85 127 135 156]
[135  18  16  82 127]
[247 113  18  16 135]
[ 82 247  18  16 135]
[ 38 247  16 135  18]
[ 82 247  16 135  18]
[ 96 247  16 135  18]
[248 113 247 135  18]
[ 42 248 135 247  18]
[ 16  42 135  18 247]
[ 85  42 247 135  18]
[ 14  85 135  42  18]
[247 186  14 135  18]
[247  18 186  14 135]
[ 91  18 186 135  14]
Key 14 found in: 15 traces
1.1159265000001142 seconds

Attack key: 15
[161 199 216 220 239]
[ 52  66 136 149 199]
[ 90  95 145 216 149]
[209   6  90 216 149]
[209   6 216  90 149]
[216   6  21  90 149]
[154  15 216   6 149]
[118 154 216   6 149]
[156  15 216   6 149]
[118 198 156  15   6]
[ 15 118  98 198   6]
[ 98 176  81 198  15]
Key 15 found in: 12 traces
0.964484199999788 seconds

Attack key: 16
[221 230 232 252 253]
[157 162 164 175 253]
[178 105 214 154 164]
[128 236 105 154 164]
[ 74   5 128 236 154]
[  4 154 178  16 199]
[230 154 178  16   4]
[230 178 154  16   4]
[121 230 154  16   4]
[  5  16   4 230 154]
[24 10  5 16  4]
[245  34  24   5  16]
Key 16 found in: 12 traces
0.9497286999999233 seconds

Attack key: 17
[202 209 219 243 244]
[180 183 193 209 219]
[ 77  43 157 193 240]
[  7 245 153 111 240]
[ 31 240   7 245 153]
[ 31 245 153  17 240]
[ 31 245 153  17 240]
[ 22  31 153 240  17]
Key 17 found in: 8 traces
0.7054109000000608 seconds

Attack key: 18
[243 247 252 253 254]
[239  78 125 144 227]
[206 217  78 125 144]
[ 25 106 217  78 144]
[253  18 221 217  52]
[186 253 221 254  18]
Key 18 found in: 6 traces
0.5619056000000455 seconds

Attack key: 19
[165 195 216 220 235]
[ 22 107 140 145 220]
[140  14 107 145 220]
[124  14 107  22 145]
[140  19  24 107  22]
[244 254  25  19 140]
[244 254  25  19 140]
[ 32 112 244 254  19]
Key 19 found in: 8 traces
0.7134870999998384 seconds

Attack key: 20
[243 247 250 253 254]
[247   0  40  93 110]
[196 213  40   0  93]
[ 59 165  40  20  93]
[192 196 163  20  93]
[192 196 163  20  93]
[149  28 192  93  20]
Key 20 found in: 7 traces
0.657440399999814 seconds

Attack key: 21
[187 193 233 242 246]
[108 143 160 181 187]
[ 21 140 130 218 143]
[172 106 246  21 218]
[246 116  70 172  21]
Key 21 found in: 5 traces
0.47224320000032094 seconds

Attack key: 22
[ 64 106 109 163 184]
[ 64  39  47 109 163]
[ 50 163  59 252  45]
[200  34 106 154 252]
[ 79  64  88 106 252]
[ 65 252  88  22  64]
[106  88 252  22  64]
[ 65  88 252  22  64]
[163 197 252  84  22]
Key 22 found in: 9 traces
0.7471408999999767 seconds

Attack key: 23
[233 238 240 242 246]
[121 169 180 216 240]
[102 246  34 218 240]
[240   0 102 161 218]
[ 73 100 189  34 165]
[161 100 189  34 165]
[189 156 161 100  34]
[234 189 161 100  34]
[ 23 234 100 189  34]
[ 23 234  34 100 189]
[ 50 216 234  23  47]
[216  50 234  47  23]
Key 23 found in: 12 traces
0.9076618000003691 seconds

Attack key: 24
[207 210 216 250 253]
[ 24  53 119 117 105]
[136 144  24 119 105]
[144 117 119  24 105]
[217 144 119  24 105]
[207 175 119 105  24]
Key 24 found in: 6 traces
0.5337632999999187 seconds

Attack key: 25
[231 232 241 246 254]
[197 230 232 246 254]
[ 80 217 122 176 197]
[ 95 122 225 217 197]
[ 95  14 246 217 197]
[ 95 197  14 110 217]
[241  51  95 110 217]
[ 98  51 110 124 150]
[ 58 245 217 243  98]
[217  58 108 245 243]
[ 25 217 233 245 243]
[245 108 150  25 243]
[  1  63 108  25 150]
[235   1  63  25 150]
[165 189 235 150  25]
Key 25 found in: 15 traces
1.1097905999999966 seconds

Attack key: 26
[245 246 248 249 254]
[190 196  56 241 246]
[ 83 160  26 190  30]
[242  83 160  30 190]
[242  26  83  30 190]
[242  83  26 190  30]
[228  83 242  26  30]
[180 226  83  26 242]
[134   6  94  26 242]
[134  72 242 108  26]
Key 26 found in: 10 traces
0.7701234999999542 seconds

Attack key: 27
[223 226 228 235 238]
[ 79 148 178 223 228]
[ 46 216  40 120 148]
[238 181 120  52 148]
[145 178 232  22 120]
[ 87 212 178  99 120]
[182  22 181 178 120]
[ 27 181 182 178 120]
[ 12 244   1  27 120]
[113   1  27  12 120]
[ 72   1  27  12 120]
[231 244  79 120  27]
Key 27 found in: 12 traces
0.9273950000001605 seconds

Attack key: 28
[236 245 250 251 254]
[114 124 150 167 196]
[196 128  46  97 167]
[178 182 114  46  97]
[178 222 101 182  46]
[113  28  49 123 109]
[160 228  28 109 123]
[228 174 123  28 109]
[174 228 123 109  28]
Key 28 found in: 9 traces
0.7375547999999981 seconds

Attack key: 29
[169 207 208 212 231]
[162 242 248 119 154]
[ 29 119 248 156 154]
[164 241  29 248 154]
[164 241  29 248 154]
[ 28 241 248  29 154]
[ 20 164  28 248  29]
Key 29 found in: 7 traces
0.6088489000003392 seconds

Attack key: 30
[242 245 246 251 255]
[172 213 222 235 255]
[ 52 255   9 223 172]
[196 162  30 216 172]
[ 26 141 162  30 216]
[141  30  26 162 216]
[ 53 141  26 162 216]
[ 53 141 100 162 216]
[141  96  53 100 216]
[106  30  53 100 216]
[106  30  53 100 216]
[ 53  30 222 216 100]
[ 53  30 222 216 100]
[215  30 168 216 134]
[ 30 220 216 215 100]
[100 237 211 215  30]
Key 30 found in: 16 traces
1.1746368999997685 seconds

Attack key: 31
[215 228 229 240 254]
[ 76  79 114 125 133]
[  7 149  74 125 127]
[  7 149  74 125 127]
[125  69 211 149 127]
[225 211 149 129 127]
[129 225 211 149 127]
[ 31  43  11 127 149]
[129 224  11  31 127]
[220  43  11  31 127]
[ 65 129 127  11  31]
Key 31 found in: 11 traces
0.8395717999997032 seconds

Attack key: 32
[231 237 238 247 252]
[183 201  56 101 142]
[161 142 118 183  56]
[199 101 165  46 118]
[199 101  32 118 165]
[  3 101 199  32 118]
[165   3 101  32 118]
[148  46 118 179  32]
Key 32 found in: 8 traces
0.6616670000003069 seconds

Attack key: 33
[206 230 239 248 255]
[180 248 194 196 230]
[174 198 220 248 230]
[ 74 180  33  24 198]
[81 62 88 28 33]
Key 33 found in: 5 traces
0.4752477000001818 seconds

Attack key: 34
[171 172 230 236 238]
[115 158 173 215 228]
[177 228  64 215 115]
[199 121 238 228 115]
[173 199 121 238 115]
[149 121 238 199 115]
[188 101 244 238 115]
[115  34 101 238 199]
[  4 199  34 101 238]
[171  87 115  34 101]
[238 101  55  36  34]
Key 34 found in: 11 traces
0.8460672000001068 seconds

Attack key: 35
[190 217 234 238 241]
[114 151 217  45 163]
[184 187 206  94 114]
[ 93  42 206  94 114]
[181  93  94 206 114]
[ 42 181  94 206 114]
[198 233 186 227 114]
[186  93 198 233 114]
[187  93 198 233 114]
[187  93 198 233 114]
[198   7  93 233 114]
[187 198  93 114 233]
[  2 198  93 233 114]
[114  11 137 233  35]
Key 35 found in: 14 traces
1.0456785000001219 seconds

Attack key: 36
[206 216 219 221 244]
[ 73 100  92  17 216]
[158 201  73 216  17]
[137 141 237  73  17]
[216 158  51 237  23]
[ 23 216  36 237 158]
[130 216  36 237 158]
[ 23 130 216  36 237]
[ 23 130 216  36 237]
[  8 108  23  36 237]
[ 35   9 141  36 237]
[117 252 141 237  36]
Key 36 found in: 12 traces
0.9447494000000916 seconds

Attack key: 37
[230 232 242 244 255]
[ 66  68 112 119 168]
[156  88 141  68 112]
[222  97 160  88 141]
[112  40  50 222 141]
[171 141 175 164  40]
[253 160 171 141  40]
[ 17 179 253 160 141]
[ 37 141  17 253 160]
[ 67  37 141  17 160]
[ 37 208 143  17 160]
[ 88 143  37  17 160]
[ 88  37 143  17 160]
[143  88 160  37  17]
[ 88 160 143  37  17]
[ 88 160  17  37 143]
[  5 210  88 143  37]
Key 37 found in: 17 traces
1.213111200000185 seconds

Attack key: 38
[212 224 229 233 239]
[ 48 115 169 196 211]
[211  38 185 233 239]
[ 37 185 239  48  38]
Key 38 found in: 4 traces
0.4000260000002527 seconds

Attack key: 39
[194 199 212 218 238]
[ 55  74  83  98 218]
[204  74  83  98 218]
[195 213  74  98 218]
[221  98 218 213  74]
[149 218 205 195  74]
[160 241 158 195 136]
[ 95  80 109 241 158]
[ 80  95 109 158 241]
[195  39 241 218 109]
[218 109 195  39 241]
[109 195 218  39 241]
[158 111 109  39 241]
[195 158 109 241  39]
Key 39 found in: 14 traces
1.0345547000001716 seconds

Attack key: 40
[235 236 237 241 247]
[218  39 117 204 224]
[191  39 117  75 218]
[ 93  75 187 237 218]
[ 39 218  93  75 237]
[ 39  75  93 218 237]
[ 21 237  39  75  93]
[ 21 237  93  39  75]
[ 21  93 111  75  39]
[ 21  99 111  39  75]
[215 212  99  39  75]
[ 84 215 231  75  39]
[ 84  41 215  75  39]
[158  40 215  75  39]
[ 66 255  75  40  39]
[ 16 255  75  40  39]
[ 66  16 255  40  39]
[ 84  16 255  40  39]
[ 66  16 255  40  39]
[ 66  16 255  40  39]
[ 66  16 255  40  39]
[ 63  66 255  40  39]
[124 240  66  40  39]
[124 240  66  40  39]
[134 124 240  40  39]
[212 134  16  39  40]
Key 40 found in: 26 traces
1.7766695999998774 seconds

Attack key: 41
[185 192 196 223 247]
[236  15  44  92 149]
[150 192  76 124  92]
[192 210  41 150  92]
[154  68   6  15  41]
Key 41 found in: 5 traces
0.46099169999979495 seconds

Attack key: 42
[240 242 243 249 255]
[ 81 102 132 139 242]
[ 48  65 196  23 102]
[ 65 102  37  48  23]
[ 67 160  65  36  23]
[ 64 133 160  65  23]
[ 25 139 133  65  23]
[ 65  42  25 139 133]
[139  39  42  25  65]
[115  39  25  42  65]
[ 25 139 115  65  42]
Key 42 found in: 11 traces
0.887267200000224 seconds

Attack key: 43
[241 246 247 252 255]
[116 121 131 148 247]
[166  46 102 116 247]
[247 169 176 255 102]
[102 119 237 116 255]
[230 119 102 255 116]
[43 96 61 30 94]
[255  43  96  61  30]
[212  30 255  43  92]
[229  30 255  43  92]
[133  30 255  43  92]
[133  26  43 255  92]
[133  26  92  43 255]
[133  26  92  43 255]
[133  26  92  43 255]
[133  92  26  43 255]
[ 92  26 133  43 255]
[203 133 255  26  43]
Key 43 found in: 18 traces
1.3116688000000067 seconds

Attack key: 44
[148 185 212 214 222]
[148  65 147 212 222]
[ 44 219 212  65 222]
[137  44 222 212  65]
[239 212 183  44  65]
[161 183  65 239  44]
Key 44 found in: 6 traces
0.5265328000000409 seconds

Attack key: 45
[236 240 241 246 253]
[131 170 174 195 253]
[ 45  64  92 117 174]
[117  82  24  45 174]
[ 64  92  24  45 174]
[ 45 192 179  58  64]
[196  45 165 179 192]
[199  95 179  45 192]
[199 223 192  45 179]
[221 203 223 231  45]
Key 45 found in: 10 traces
0.7836440999999468 seconds

Attack key: 46
[216 220 223 232 245]
[ 36  98 108 161  76]
[ 23 108  46 161  76]
[159  23  46 161  76]
[101 161  23  46  76]
[144  22 161  46  76]
[ 23 144 161  46  76]
[128 150 110  46  76]
[ 23  93 110  46  76]
[150  23 110  76  46]
Key 46 found in: 10 traces
0.8003082000000177 seconds

Attack key: 47
[234 238 248 250 251]
[ 14 113 118 123 214]
[126 206 217 214 113]
[208  14 123  60 217]
[ 47  52 224  62 190]
[ 64 138 224  62 190]
[196 190  52 138 224]
[ 47  64  52 224 138]
[217  64  52 224 138]
[ 62 138 208 217   0]
[211  62 208   0 217]
[159 217 211   0 208]
[ 17 123 211 217 208]
[123 211  47  17 217]
[ 17 211 123  47 217]
[211 138  17  47 217]
[211 138  17  47 217]
[195 138  17  47 217]
[195  64  17 217  47]
Key 47 found in: 19 traces
1.3403079999998226 seconds

Attack key: 48
[204 225 232 241 246]
[ 73 132 153 163 202]
[229 135  48 185 192]
[145 135 192  48 185]
[122 229 145 192 185]
[185 192 122 229 145]
[185 122  48 145 229]
[ 61 192 229  48 145]
[122  61 192  48 145]
[ 42 229 202  48 145]
[192  42 253  48 145]
[132 253  42 145  48]
Key 48 found in: 12 traces
0.907517000000098 seconds

Attack key: 49
[189 192 196 219 243]
[ 88 145 148 189 192]
[141 179 226 102  88]
[141 126 100 122 219]
[ 11 148  49 141 219]
[ 67 164  40 219  49]
Key 49 found in: 6 traces
0.5372394999999415 seconds

Attack key: 50
[237 238 239 250 255]
[210 217 226 236 239]
[193 202 250   7  47]
[210 134 184 133  47]
[113 134 184 226 155]
[155 202 193 113 184]
[222 113 190  85 184]
[ 85 219 113 190 184]
[147 134  11  50 219]
[226 174 219 190  50]
Key 50 found in: 10 traces
0.8040043000000878 seconds

Attack key: 51
[235 236 237 250 253]
[ 59 146 168 223 236]
[ 61 215  14 138  72]
[236  72  70  24 138]
[ 51  72  24  70 138]
[233 215  24 138  72]
[233 215  51  24  72]
[226 209 215  51  24]
[217 228 209 215  51]
Key 51 found in: 9 traces
0.7240130000000136 seconds

Attack key: 52
[204 225 232 248 255]
[ 52  60 118 163  91]
[211  52  60 163  91]
[221 118  52 163  91]
[ 68 154 119 118  52]
Key 52 found in: 5 traces
0.4764127999997072 seconds

Attack key: 53
[231 232 241 246 254]
[192 217 231 246 254]
[110  43  35  41  53]
Key 53 found in: 3 traces
0.32964810000021316 seconds

Attack key: 54
[170 173 231 237 239]
[128 170 173 231 237]
[172 176 120 237 170]
[ 90 173 239 172 237]
[ 65 172  90 129 173]
[ 37  90 129 198 173]
[245 129  90 198 173]
[173   8 159 129  90]
[  8 159 239  90  54]
Key 54 found in: 9 traces
0.7063410000000658 seconds

Attack key: 55
[204 214 220 249 254]
[106 108 128 146 214]
[217 253 162  60  68]
[192 210  55 217 253]
[ 60  55  98 192 253]
[175  46 117  60  55]
Key 55 found in: 6 traces
0.5180530000002364 seconds

Attack key: 56
[ 77  91 101 142  99]
[ 1 11 56 91 99]
[77  1 56 91 99]
[228  46  91  56  99]
[74 31 91 56 99]
[201  31  99  91  56]
Key 56 found in: 6 traces
0.5270519000000604 seconds

Attack key: 57
[233 237 252 253 255]
[197 215 226 233 237]
[156 191 229  83 215]
[136 156 191  67 229]
[102 136 229  57 156]
[ 29  13 136 124  57]
Key 57 found in: 6 traces
0.5201517999998941 seconds

Attack key: 58
[ 72  98 101 171 176]
[176  51 141 219 101]
[173  55  74 101  58]
Key 58 found in: 3 traces
0.3322269000000233 seconds

Attack key: 59
[167 193 218 222 233]
[ 21  43 105 136 139]
[215 138 151 251  20]
[136 110 215  20 251]
[110 146 164 215 251]
[ 98 110 251 164 215]
[ 82 241 110 164 215]
[ 11  66  16 241 215]
[ 59  11  66 241 215]
[126  59 251  41 215]
[  1 126  59  41 215]
[ 98   1  59 126 215]
[126  98  59  82 215]
[109   1  82  59 215]
[189   1  82  59 215]
[215 189   1  82  59]
Key 59 found in: 16 traces
1.1867614999996476 seconds

Attack key: 60
[230 234 238 239 255]
[169 179 189 204 219]
[130  63 106 134 200]
[169  58 106 130 134]
[221 136 160  58 106]
[146 130 160 136  58]
[175 130 136 160  58]
[175 106 136 160  58]
[160  58 175 106 136]
[ 60 162 160  58 136]
[162  58 136  60 160]
[ 93 146 156 162  60]
Key 60 found in: 12 traces
0.938775799999803 seconds

Attack key: 61
[187 193 233 242 246]
[ 53 114 117 160 187]
[203 208  61 117 160]
[187 208  61 117 160]
[117  14 160  71  61]
Key 61 found in: 5 traces
0.47246549999999843 seconds

Attack key: 62
[ 65  73  75 197 222]
[ 12  38  65  75 197]
[197  11  75  12  38]
[62 12 11 75 38]
[ 82  62 160  65  84]
[ 82  62 160  65  84]
[ 82  62 160  65  84]
[ 40  82  62 160  84]
[ 40  82 160  62  84]
[108  40 160  62  84]
[174 160  40  62  84]
[174 160  40  62  84]
[174 160  65  84  62]
Key 62 found in: 13 traces
0.9745416999999179 seconds

Attack key: 63
[221 227 237 248 249]
[156 159 171 227 237]
[ 82 216  65  87 152]
[237  63 168  65  87]
[211 237 168  87  65]
[ 25 211  63 168  65]
[225 168 211  63  65]
[225 168 211  63  65]
[211 225  65  63 168]
[ 97  72 120 211  63]
Key 63 found in: 10 traces
0.7725126000000273 seconds

Attack key: 64
[ 79  98 101 172 183]
[ 79  98 101 172 183]
[142 220  69  79  98]
[218  71  69  79  98]
[218  71  69  79  98]
[241  70  16 218  98]
[241 103  16 218  98]
[103  16 233 218  98]
[ 16 233 103 218  98]
[233 196  16 103 218]
[219  16 196 103 218]
[219  64 218 196 103]
[ 64 196 219 218 103]
[144 218  64 196 103]
[168 178 255 103  64]
Key 64 found in: 15 traces
1.0996328999999605 seconds

Attack key: 65
[226 228 232 233 235]
[218 226 228 233 235]
[218 226 228  24 216]
[187 218 228  30  36]
[ 30  36 104 158 122]
[190 155 102 203 150]
[175 141  35 102 203]
[ 65  45 203 175 102]
[207 141 196  65 102]
[141 196 172  35  65]
Key 65 found in: 10 traces
0.7730240000000776 seconds

Attack key: 66
[220 221 227 250 255]
[128 140 177 204 227]
[ 33  85   9  91 177]
[196   9  85  91 177]
[ 86 196   4 177   9]
[190  86 196   4   9]
[ 91 199 190   9 196]
[185  66  91  90   9]
[185  91  90 128  66]
Key 66 found in: 9 traces
0.7232525999997961 seconds

Attack key: 67
[237 238 252 253 254]
[177 190 194 225 238]
[ 79  30  58  65 101]
[128 150 197 198 245]
[106 128 197 150 245]
[ 41 106 128  67 245]
[106 144 128 245  67]
Key 67 found in: 7 traces
0.6096683999999186 seconds

Attack key: 68
[226 228 237 238 239]
[ 98 222 237  10 157]
[ 36  98 222 237  10]
[ 98  81 137 237  10]
[115  10 137 237  81]
[220  72  80  81  98]
[183  72  80  81  98]
[183  98  72  81  80]
[ 92  71 183  68  81]
[232  92 183  68  81]
[218  58 232  68  81]
[ 80  58 232  68  81]
[232 192 183  68  81]
[ 69 180 232  81  68]
Key 68 found in: 14 traces
1.0722418000000289 seconds

Attack key: 69
[241 246 249 252 253]
[209 210 227 241 246]
[231 246  48  65  78]
[231  31 181 219 246]
[ 91 109 215  89  69]
Key 69 found in: 5 traces
0.46025989999998274 seconds

Attack key: 70
[229 237 238 241 243]
[169 172 211 215 216]
[  2  13 121 163 169]
[215  13 193 197 163]
[197 130  70 213 169]
[141 131 130  70 213]
[163 164  70 213 177]
[ 92 164  70 213 177]
[ 55  92 213  70 177]
[218  92 213  70 177]
[ 71  92 213  70 177]
[ 55  92 213  70 177]
[ 55  92 213  70 177]
[ 55 172 213 177  70]
Key 70 found in: 14 traces
1.038218500000312 seconds

Attack key: 71
[167 175 200 226 229]
[228  43 165 226 229]
[165 228 155 229  43]
[228  18 155 229  43]
[225  91 155 229  43]
[151 225 155 229  43]
[ 21 155 225  43 229]
[ 18  58  21 229  43]
[229 151 226  58  43]
[ 36 116  58 155  71]
Key 71 found in: 10 traces
0.7618738000001031 seconds

Attack key: 72
[185 215 221 228 191]
[252  82 159 228 191]
[229 123 159 228 191]
[229  14 123 228 191]
[ 14 229 123 228 191]
[ 14 123 145 229 228]
[122  14 145 229 228]
[ 14 145 122 229 228]
[217 229  72  31 228]
[223 173  31  72 228]
[145  72 221 228 191]
[ 56 173  72 191 228]
[ 56 173  72 191 228]
[ 14  56  72 228 191]
[ 61  56  72 228 191]
[191  14  61  72 228]
[195  56 191  72 228]
[117  56 191  72 228]
[191  61 117  72 228]
[ 14  61 117 228  72]
Key 72 found in: 20 traces
1.4112051999995856 seconds

Attack key: 73
[229 232 235 236 245]
[141 157 181 209 219]
[209 197 170 199  73]
Key 73 found in: 3 traces
0.34061259999998583 seconds

Attack key: 74
[228 234 235 239 246]
[197 209 228 235 239]
[125 160 197 209 239]
[209 239 195 171 182]
[182  91  65 195 171]
[109 253 234 223 195]
[ 74 109 234 223 195]
[138 253  74 223 195]
[253 138  74 223 195]
[253 138 208  74 195]
[ 48 253 138 195  74]
Key 74 found in: 11 traces
0.8308416999998371 seconds

Attack key: 75
[204 217 218 223 246]
[102 122 144 194 204]
[144 204  49  68  99]
[108  51 169 102  99]
[178 143  51 108  99]
[ 51 139 201  69  99]
[201  94  99  51  69]
[139 201  99  51  69]
[201 139  99  51  69]
[139 140  51  99  69]
[ 51 139  99 140  69]
[171 140 139  99  69]
[ 23  51 139 140  99]
[193   3  23  51  99]
[140  75 139  99  23]
[ 99 140 139  75  23]
[140 116  99  75  23]
[139  23 116  99  75]
Key 75 found in: 18 traces
1.3563184999998157 seconds

Attack key: 76
[202 209 210 215 254]
[135 152 196 209 254]
[ 68 211  17  67  57]
[114  57  68 211  67]
[ 67 251  76 114  57]
[ 67  39  76 114  57]
[242  12  75  16  76]
Key 76 found in: 7 traces
0.6402766000001066 seconds

Attack key: 77
[ 80  82  88 199 220]
[ 62  77 220  63  88]
[ 40  53  77 220  63]
[ 64 250 220  77  63]
[128  64   2 250  77]
Key 77 found in: 5 traces
0.46209219999991547 seconds

Attack key: 78
[215 216 227 230 255]
[219  71  73  95  14]
[ 61 136 205 185  14]
[123  57  73  78 174]
[136  73 174  57  78]
Key 78 found in: 5 traces
0.48424870000008013 seconds

Attack key: 79
[242 247 248 251 255]
[ 42  82  94 134 255]
[ 42  82  94 255 134]
[169 142  75 191  56]
[191  72  79 169  75]
[ 30 166  13 142  79]
Key 79 found in: 6 traces
0.5225408000001153 seconds

Attack key: 80
[ 80  82  90 197 222]
[ 61  80  82  90 197]
[ 51 197  61  82  80]
Key 80 found in: 3 traces
0.32460200000014083 seconds

Attack key: 81
[246 247 248 252 253]
[225 243 246 248 253]
[233 249  24 121 161]
[156  78 212  24 161]
[138 115   3 156 161]
[ 81  78 156   3 138]
[ 78 236 156   3 138]
[115 129 156   3 236]
[161 115 129 156   3]
[  3 161 236 115 156]
[  3 156 136  81 253]
[156   7 206   3  81]
Key 81 found in: 12 traces
0.8902191999995921 seconds

Attack key: 82
[199 229 235 240 253]
[127 131 240   2  83]
[ 82 155 176 220 191]
[179 176 155 191 220]
[ 82 176  14  84  48]
[ 82 176 199  14  48]
[219  82 176 199  48]
[ 36 176  48 199  82]
Key 82 found in: 8 traces
0.6486492000003636 seconds

Attack key: 83
[244 250 251 252 255]
[ 81  27  54  89 206]
[ 91  83 236 206  89]
[196  91  83 236  89]
[243  89  26  83 236]
[ 26 101 243  83 236]
[101  26 243 236  83]
Key 83 found in: 7 traces
0.5758436999999503 seconds

Attack key: 84
[246 247 249 254 255]
[151 157 229 246 255]
[147   9  52 102 151]
[222 102   9  52 151]
[201  51 102   9  52]
[ 51  52 127  23 201]
[ 95  51 127  23 201]
[230  10  51 201 127]
[127  84 230  10 201]
[178 201  84  10 230]
[250  52 230 201  84]
Key 84 found in: 11 traces
0.8316864000003079 seconds

Attack key: 85
[233 237 238 244 250]
[190 218 219 233 250]
[164 168 213 251 250]
[ 86 120  74 138 250]
[132  38  68  74 250]
[192 219  21 132  74]
[ 85 168  21 192 132]
[132 103  54 192  85]
Key 85 found in: 8 traces
0.6792193000001134 seconds

Attack key: 86
[246 247 249 252 254]
[115  16  35  77 166]
[ 89 101  16  35  77]
[201   6 149 159  35]
[ 86  89 145 201 159]
[ 89 201 234 117  86]
Key 86 found in: 6 traces
0.5524927000001298 seconds

Attack key: 87
[241 242 250 251 252]
[ 79   7  13 105 111]
[130  52  79  65 111]
[ 87   7  13 111  52]
[ 52  87   7  13 111]
[117 152   7  87 111]
[111 156  52  87   7]
[ 52 173 157   7  87]
Key 87 found in: 8 traces
0.647585700000036 seconds

Attack key: 88
[242 244 250 251 255]
[227 242 244 251 255]
[ 19  47 124 141 242]
[ 63 241  98  19 141]
[ 38 242 135  98 141]
[209 244 179 135 141]
[209  88 179 244 141]
[ 78 248 209 141  88]
Key 88 found in: 8 traces
0.6485334999997576 seconds

Attack key: 89
[243 246 251 252 255]
[  8  34 218  77  79]
[170 183   8  77  79]
[158  34 170 218  77]
[157  77 171 219 158]
[153 157 171 219 158]
[ 77 219 157 171 158]
[180  77 157 219 158]
[157 180 219  77 158]
[ 61 135  18  77 180]
[103  89  18 180  77]
[103  89  18 180  77]
[103 180  18  89  77]
[123  61  89 103 113]
[ 18 242 180  89 113]
[149 158  18  89 113]
[149 158  18  89 113]
[158 180  18 113  89]
Key 89 found in: 18 traces
1.3070315999998456 seconds

Attack key: 90
[220 221 226 251 254]
[ 84  90 211 216 221]
[ 84  90 211 216   8]
[109 251  84  90   8]
[160  96  84  87   8]
[109   1 160  84  87]
[110 109 101 218   1]
[109 208 218 110   1]
[143  90 218 110   1]
[235  90 218   1 110]
[235  90 212 110   1]
[ 28  90 110 212   1]
[227 157 249 110  90]
Key 90 found in: 13 traces
0.9936579999998685 seconds

Attack key: 91
[241 245 249 250 253]
[247  37  62 221 240]
[211  37 221 247 240]
[178 247 166 211 240]
[  7 237 221 178 240]
[  7 237  78  37 178]
[197 240 224  10 237]
[159 197 240  10 237]
[240  10  77 247 237]
[159 197 240 247 237]
[ 37 120 197 240 237]
[ 91  10 159  37 240]
[ 37  91  10 159 240]
[ 19 224  67 247  91]
Key 91 found in: 14 traces
1.0327327999998488 seconds

Attack key: 92
[242 246 251 253 255]
[182 188 215 218 220]
[148 155   7  44  95]
[181 155   7  44  95]
[181 155  95 211  44]
[144 133  16  98  36]
[232 144 133  98  36]
[144 216 232 133  36]
[144 232 216 133  36]
[132  46 226 216  36]
[232 132 216  46  36]
[188 144 203 216  46]
[232 188 144 203  46]
[232 144 124  46 203]
[124 232 144  46 203]
[ 56 124 144  46 203]
[123 132 144 124 203]
[250 123 132  92 203]
[133 123 132  92 203]
[132 111 133  92 203]
[124 182 232 123  92]
Key 92 found in: 21 traces
1.515838999999687 seconds

Attack key: 93
[ 68  70  78 202 209]
[  3 127 243  70 202]
[186 127 238 202  70]
[127 149 238 202  70]
[  3  93 202 238  70]
[159  25 238  93  70]
[ 41  25 238  93  70]
[ 25  41 238  93  70]
[ 25  41 238  93  70]
[25 12 15 41 93]
Key 93 found in: 10 traces
0.7914300999996158 seconds

Attack key: 94
[ 89  94 116 140 151]
[ 39  68 122  89  94]
Key 94 found in: 2 traces
0.276516299999912 seconds

Attack key: 95
[222 226 228 232 237]
[172 180 186 217 228]
[ 51 180  97 172 228]
[182 186  40  51  97]
[ 40 172 228  51  97]
[146  95  51 228  97]
[51 88 40 95 97]
[230  51  88  97  95]
Key 95 found in: 8 traces
0.6595334999997249 seconds

Attack key: 96
[246 247 248 250 251]
[146 171 182 218 219]
[146  18  23  58  89]
[253   7  51  58 210]
[210 254 253  51  58]
[ 96 171  62 254  58]
[245  18  96 240  79]
[  8 240  79 111  96]
Key 96 found in: 8 traces
0.6684562999998889 seconds

Attack key: 97
[176 190 203 242 248]
[211 246 150 125 242]
[141  97 211 246 242]
[190 128 248 130  97]
Key 97 found in: 4 traces
0.40167280000014216 seconds

Attack key: 98
[221 224 230 233 236]
[ 55  77 147 167 205]
[ 77  86 236  98 104]
[ 96  86 236 104  98]
Key 98 found in: 4 traces
0.40257870000004914 seconds

Attack key: 99
[ 82  97 107 228   9]
[163  41  97 107   9]
[253  97  41 107   9]
[ 99 213  24  41 253]
[ 98  24  41 213 253]
[ 24 142 213 253  99]
Key 99 found in: 6 traces
0.56764209999983 seconds

Attack key: 100
[234 240 246 247 251]
[237  63 120 246 100]
Key 100 found in: 2 traces
0.28067590000000564 seconds

Attack key: 101
[222 229 235 254 255]
[ 53  63 208 218 222]
[241   5   6  60  53]
[  5  72 129  53  60]
[ 49 103  84  33 109]
[  9  84  33 109 103]
[  9  84  33 109 103]
[ 31   9  84 109 103]
[100 204 109  84 103]
[ 28  31  55 109  84]
[101  84  28  55 109]
[249 101  84  55 109]
[ 28 249 101  55 109]
[ 17  28  55 101 109]
[ 53  55 101 249 109]
[213 249 101  55 109]
[213 249 101  55 109]
[195 249  55 101 109]
[195 249  55 101 109]
[ 84 249  55 101 109]
[ 84 249  53 101 109]
[251 133 249 109 101]
Key 101 found in: 22 traces
1.6723938999998609 seconds

Attack key: 102
[235 238 246 248 249]
[208 224 228 232 246]
[242  17 176 177  46]
[102 223 131  75 225]
[193 223 225  75 131]
[225 223  19 242 131]
[ 19 243 135 242 131]
[179 242 138 103 102]
Key 102 found in: 8 traces
0.7322274000002835 seconds

Attack key: 103
[228 233 237 238 240]
[151 152 183 190 215]
[196 187 143 204 142]
[198 206 196 204 142]
[ 29  78   6 198 162]
[ 34 112  29  78 162]
[116 215 216 112 162]
[162 138  78 112 215]
[ 47 240 215 116  78]
[245 143  21 215 169]
[255 245 215 103 169]
[245 255 103 215 169]
[220  19 169 255 103]
Key 103 found in: 13 traces
0.9913836000000629 seconds

Attack key: 104
[226 230 235 239 255]
[153 163 191 208 209]
[ 30 147 121 129 138]
[  4  30 121 138 129]
[208 129 133 147 138]
[208 147  26 129 133]
[208  26 104 111  52]
[ 26 208 104 111  52]
[108 208  26 104 111]
[166 108 111  26 104]
Key 104 found in: 10 traces
0.8883672000001752 seconds

Attack key: 105
[245 247 249 251 252]
[214 219 229 238 251]
[181 219 229  71 135]
[187  43 219 229 179]
[179 214 221  59 226]
[ 39  59 193 214 221]
[214 221  18  39 193]
[ 59 214 221  18 193]
[214 221 105  18 193]
[214 179  18 221 105]
Key 105 found in: 10 traces
0.9253417999998419 seconds

Attack key: 106
[ 71 106 137 146  27]
[ 13 137 146   5 106]
Key 106 found in: 2 traces
0.28928140000016356 seconds

Attack key: 107
[241 245 248 252 255]
[170 174 189 241 255]
[ 89 110 161 167 255]
[109 135 167  89 161]
[135 173 137 109 167]
[109 242 167 173 137]
[109 167 173 242 137]
[107  30  99 137 223]
[ 22 166 139 107  30]
[173 137 244 166 107]
Key 107 found in: 10 traces
0.9071180000000822 seconds

Attack key: 108
[214 215 219 226 229]
[136 185 202 208 214]
[204 240  26  40  92]
[38 82 10 45 26]
[26 98 92 52 82]
[ 82  84 109 166 108]
Key 108 found in: 6 traces
0.5460820000002968 seconds

Attack key: 109
[235 236 243 245 247]
[192 193 194 207 223]
[ 73 242  15  39 192]
[207 223 158 203  15]
[203 211  25  75  15]
[204 245  53 207 158]
[  5 204  53 158 207]
[  5  54 158 204  25]
[203   5 158 204  25]
[172 203 132   5  25]
[157 245 203   5  25]
[  5  25 109 245 203]
[105 245   5 109 203]
[158  95 245 109 203]
[ 95   5 245  15 109]
Key 109 found in: 15 traces
1.2021467999998094 seconds

Attack key: 110
[222 236 237 247 249]
[190 200 236 117 159]
[200 159 111 141 236]
[248 159  65 253 111]
[248 218  65 253 111]
[253  44 111 226 248]
[253 110 248 100  44]
[ 65 110 248 100  44]
[ 65 110 248 100  44]
[ 65 248 100 110  44]
[ 70  65  44 100 110]
Key 110 found in: 11 traces
0.953065499999866 seconds

Attack key: 111
[198 200 208 238 232]
[214 245 128 208 232]
[208  25 131 245 232]
[128  25 208 245 232]
[214 128  25 245 232]
[ 26 128  25 208 232]
[140 128  25 208 232]
[245 208 128  25 232]
[140 245 128  25 232]
[111 245 208 232 128]
[ 76 111 245 208 128]
[230 140 208 111 128]
[ 76 140 208 111 128]
[232 208  76 111 128]
[232  76 208 128 111]
Key 111 found in: 15 traces
1.1644099000000097 seconds

Attack key: 112
[244 247 250 252 254]
[175 194 219 237 244]
[219  10  26  53 185]
[  6  71  10 194 185]
[206 186 216 112  71]
[ 37 206 216 112  71]
[120 112 206  52 216]
[103  10  15 112   7]
[ 10  15 103   7 112]
Key 112 found in: 9 traces
0.7778023999999277 seconds

Attack key: 113
[237 243 248 252 253]
[222 237 137 171 173]
[251  10 122 164 237]
[251 151  10 157 122]
[ 78 122  55 179  33]
[ 55 113  33 179  78]
[242 113  55  78 179]
[ 55 242 113  78 179]
[242 113  78  55 179]
[242  55 113  78 179]
[ 55  83 242 113 179]
[109  55  83 179 113]
Key 113 found in: 12 traces
0.9377389000001131 seconds

Attack key: 114
[198 201 206 229 242]
[170 215  25 127 189]
[166  42  44  45  25]
[ 45 114 122  48  29]
[112 108  23  29  48]
[ 45 100  23  48 114]
Key 114 found in: 6 traces
0.5282195999998294 seconds

Attack key: 115
[115 116 166 189  47]
[116 166  51 115  47]
[116  51 166  94 115]
Key 115 found in: 3 traces
0.3383972999999969 seconds

Attack key: 116
[244 245 247 248 254]
[130 131 136 167 196]
[ 14  34  77  87 130]
[62 82 86  6 34]
[ 6 77 62 86 34]
[82 92 77 91  6]
[235  82  77  92  91]
[116 158  61  77 235]
[204 116  61  77 235]
[ 38  95 115 158 116]
Key 116 found in: 10 traces
0.8117124000000331 seconds

Attack key: 117
[247 249 250 254 255]
[193 199 201 215 247]
[252 117 123 150 172]
[243 160 235 117 172]
[243 135 235 160 117]
Key 117 found in: 5 traces
0.4824763999999959 seconds

Attack key: 118
[229 234 235 238 252]
[151 158 173 174 252]
[247 103 173  17  47]
[ 47  62 169 103  17]
[215  47 162  63 173]
[174  41 118 215  47]
[ 61  26  63  41 118]
Key 118 found in: 7 traces
0.6802970999997342 seconds

Attack key: 119
[117 119 127 224 251]
[117 127  50 119 251]
[117  24 127 251 119]
Key 119 found in: 3 traces
0.3913804000003438 seconds

Attack key: 120
[218 221 233 236 245]
[156 167 190 221 245]
[ 31 154 167 190 221]
[156   4  31 190 154]
[156   4  31 190 154]
[167 123 209   4 190]
[115 167 190 123   4]
[ 98  77 237 123 183]
[ 37 228 237  98 183]
[  4  33  51 254 183]
[146  33 183  51 254]
[120  33 254  51 183]
[146 237 120  51 183]
[  9 146 120 237 183]
[  9 146 237 120 183]
[  9 146 237 120 183]
[231 183 146 120 237]
[204 183 237 146 120]
Key 120 found in: 18 traces
1.369637799999964 seconds

Attack key: 121
[217 222 234 239 246]
[ 78  83  85 153 163]
[  1  88 178 246 153]
[ 74 121 113 115  28]
[238 154 198  74 113]
[153 238 121 198 113]
[154 121 255 113 153]
[121  74 154 153 113]
[ 74 121 154 153 113]
[ 74 121  29 154 113]
[255  74 121  29 113]
[ 29 154 255  74 121]
Key 121 found in: 12 traces
0.9711538000001383 seconds

Attack key: 122
[247 248 250 252 254]
[203 223 247 250 252]
[ 87  95 116 203 247]
[186 105   5 123 203]
[  0 123 154 197 203]
[105 124   0 123 203]
[191  15   0 123 203]
[140 200 202 177 196]
[ 15 155   0 177 196]
[191 203 123 177 196]
[196 122 203 123 177]
[212 155 177 122 196]
[212 136  14 155 122]
Key 122 found in: 13 traces
1.018970800000261 seconds

Attack key: 123
[209 226 227 246 248]
[135 140 176 195 227]
[201 114 116 123 227]
[175 114 222 127 123]
Key 123 found in: 4 traces
0.4287475999999515 seconds

Attack key: 124
[227 231 232 244 250]
[211 222 149 155 221]
[149  65  22  88 112]
[156 149 105  65  88]
[167  22 127 105  65]
[167 127 171 119  22]
[112 124 127 171  22]
[112 101 124 171  22]
[111 175 101 171 124]
Key 124 found in: 9 traces
0.7429934000001595 seconds

Attack key: 125
[193 227 237 246 251]
[129 131 132 176 251]
[205  33  90 192 237]
[ 33 176 192 237  54]
[ 82  44  61 237  33]
[219 190 125  44  33]
[ 87  77 141 125  44]
[237  57 125  77  55]
[ 57  33  77 209 125]
Key 125 found in: 9 traces
0.7571394000001419 seconds

Attack key: 126
[244 245 246 249 255]
[166 219 244 245 255]
[171  79 187  49 166]
[ 59 187 166  49 171]
[ 59 166  46 164 171]
[ 20 139  46  59 171]
[156 166  20  46 171]
[166 187  20  46 171]
[166 126  20  46 171]
[ 65 126  20  46 171]
[232  92  20 126  46]
[166 232  46  20 126]
Key 126 found in: 12 traces
0.9956835000002684 seconds

Attack key: 127
[243 246 251 252 255]
[151 153 168 251 255]
[ 60  67 120 153 255]
[255 196  65 118 168]
[120 255 177 118 181]
[114  67 120 118 181]
[193 187 227 106 255]
[162 114 193 106 255]
[193  26  55 114 106]
[ 55 133 152 114 106]
[ 55 106 133 152 114]
[199  26 152 133 114]
[106 199 152 133 114]
[133 106 199 152 114]
[127 106 199 152 114]
[127  26 199 114 152]
[127  26 199 114 152]
[114 127  26 199 152]
[199 114 127  26 152]
[199 114 127  26 152]
[199 118 127 114  26]
[133 118 127 114  26]
[199 133 118 114 127]
Key 127 found in: 23 traces
1.8126154999999926 seconds

Attack key: 128
[225 239 242 244 247]
[109 120 219 225 239]
[ 24 186 109 219  87]
[109 248 209  87 219]
[128  24 248 209  87]
[223 239 128 209  87]
[ 24 128 239 209  87]
[248  24 128 209  87]
[178  60  24 128  87]
[178 173  60 128  24]
[ 60 221 178 128  24]
[221  60 178 128  24]
[209 178 221 128  24]
[209 178 221 128  24]
[178 209 221 128  24]
[109 209 221 128  24]
[209 109 221 128  24]
[137 109 221 128  24]
[137 220 221 128  24]
[137 220 221 128  24]
[ 38 220 221 128  24]
[ 38 220 221 128  24]
[134 220 221  24 128]
Key 128 found in: 23 traces
1.7029062000001431 seconds

Attack key: 129
[248 250 251 253 255]
[137 206   7 139 201]
[206 149  28 139 201]
[ 98  85 201  62 129]
Key 129 found in: 4 traces
0.41163909999977477 seconds

Attack key: 130
[ 70  76  78 194 217]
[228  33  70  78 194]
[228  76  70 194  62]
[ 70  76 224 228 194]
[ 70 228 217 224 130]
Key 130 found in: 5 traces
0.4823413000003711 seconds

Attack key: 131
[219 220 223 235 246]
[ 20  99 109 118 138]
[  1 123 109  19  20]
[132 189 123  14  20]
[187 138 132 189 123]
[ 90 214 132   5 203]
[189   5 139 132 203]
[131  90 189 139 203]
[203 217 131 189 187]
[131 217 187 203 189]
[217 187 131 203 189]
[217 187 131 203 189]
[217 187 189 131 203]
[191 217 187 189 131]
Key 131 found in: 14 traces
1.1138315999996848 seconds

Attack key: 132
[112 120 122 239 244]
[ 61   3 134 192 214]
[ 39  68  61 192 214]
[181  68  61 192 214]
[  3  58 192  68 214]
[  3  58 192  68 214]
[ 68  39 214   3 192]
[244  25  58  31   3]
[ 44  42  25 244   3]
[146  42  25 132   3]
[ 42 146  25   3 132]
Key 132 found in: 11 traces
0.8939960999996401 seconds

Attack key: 133
[156 158 219 220 241]
[  3 138 168 174 156]
[241 131 158 100 174]
[ 71  48 131 174 100]
[ 72 219 193  22 174]
[ 97  17 193 168 174]
[ 17 133  97 168 193]
[215 219 241 133 168]
[215 219 241 133 168]
[215 219 241 133 168]
[215 241 219 133 168]
[215 241 219 133 168]
[ 72 215  25 168 133]
Key 133 found in: 13 traces
1.0322758000002068 seconds

Attack key: 134
[202 217 220 223 240]
[159 242  55 137 223]
[171 243 242 161 223]
[ 62 161  21 243 223]
[ 64 134  97 164 141]
[181 141  21 134 164]
[128 141  21 134 164]
[128 164 141  21 134]
Key 134 found in: 8 traces
0.6437043999999332 seconds

Attack key: 135
[235 239 253 254 255]
[ 67 150   3  68 141]
[  9  67 150  68 141]
[185   3  97  94 150]
[ 97 203 253 255 150]
[180 203 253  96 255]
[ 94 150 180 253 255]
[113 203 150 255 253]
[113 135 203 253 255]
[ 96 113 135 253 255]
[ 96 135 253 113 255]
[ 96   7 113 135 253]
[ 69  97  96 113 135]
Key 135 found in: 13 traces
0.9501534999999421 seconds

Attack key: 136
[235 236 239 248 254]
[ 41  84 154 212 227]
[111  67 131 194 234]
[194   0 111  67 234]
[100 183 125 194  67]
[ 71  40 100 125  67]
[ 68 136 222 170 160]
[222  50  68 170 160]
[174  50 136 222 160]
[170 174 222 160 136]
Key 136 found in: 10 traces
0.7742520000001605 seconds

Attack key: 137
[212 230 231 243 253]
[ 45  71  73  95 137]
Key 137 found in: 2 traces
0.26915580000013506 seconds

Attack key: 138
[219 220 223 235 246]
[185 197 198 205 223]
[134 140 253  33 162]
[142 138 156  50  21]
[180  50 138  21 156]
[147 195 180  50  21]
[163 138 187  21 195]
[ 50 163 138  21 195]
[147  50 138 195  21]
[ 50 185 194 138 195]
[141 185 195 194 138]
Key 138 found in: 11 traces
0.8439185000001999 seconds

Attack key: 139
[230 231 235 241 246]
[147 158 211 224 246]
[178  48 224  23  16]
[ 95 178 224  23  16]
[134 178 224  23  16]
[105  28 178 224  16]
[251  28  10  50  52]
[ 87  52 139 251  28]
[108 254  28 139 251]
[105  87  28 139 251]
[ 72  87 139  28 251]
[ 72  10 139 251  28]
[ 72  10 139 251  28]
[108 201  72  10 139]
Key 139 found in: 14 traces
1.0193840000001728 seconds

Attack key: 140
[241 242 245 246 254]
[ 54  83 195 245 254]
[182 195  69 175 245]
[206  69 175 245 195]
[ 14 240 210 206 163]
[140  14 240 206 210]
[240 253 140  14 210]
[161 155 206 253 140]
Key 140 found in: 8 traces
0.6754524000002675 seconds

Attack key: 141
[206 217 226 229 237]
[ 4 50 52 53 84]
[138  52  53   4  84]
[184  51 138   6  52]
[ 60  51  84 212 138]
[128  53  84 212 138]
[100 198  53 138 212]
[ 64 198  53 138 212]
[ 50  64 198  53 138]
[ 60 212  53 138  64]
[ 50 212  60  53 138]
[100 212  53  60 138]
[133  60 100  53 138]
[212 141 179 133 100]
[133 212 179 141 100]
[ 32   6 179  89 141]
Key 141 found in: 16 traces
1.1752668999997695 seconds

Attack key: 142
[191 197 237 242 246]
[ 69 104 164 167 197]
[104 164 167   7  57]
[110 162 237   7  57]
[ 78  10 166 104 162]
[208  49 166 104  10]
[110 180  49 208  10]
[106  56 208 247  10]
[  5   2 246 104 142]
Key 142 found in: 9 traces
0.7209841000003507 seconds

Attack key: 143
[243 244 248 249 252]
[167 168 186 198 233]
[133 205 182   0 143]
Key 143 found in: 3 traces
0.33889790000012 seconds

Attack key: 144
[234 235 239 240 251]
[183 201  74 126 176]
[ 74   5  32  93 201]
[  5 201 179  32  93]
[243  74 245   5  32]
[225 243 189  32 245]
[ 15 185   5 243 225]
[ 32 185   5 243 225]
[  5  32  38 185 225]
[245  38   3   5 185]
[156 185  15  38   5]
[137   3  96 144  38]
[ 38 135 137 144 239]
[ 38 135 137 144 239]
[ 38 135 137 144 239]
[122 135 144 137 239]
[ 86 243 122 137 144]
Key 144 found in: 17 traces
1.2123743000001923 seconds

Attack key: 145
[223 227 228 244 253]
[111 132 181 195 116]
[150 192 227  10 208]
[ 58 150  61 227 208]
[ 81  58 150  61 227]
[145 196 195  66 227]
[ 50  36  66 145 195]
[ 55  50  66 145 195]
[ 79  55 145 195  66]
[156  55 145  66 195]
[ 55 156 145 195  66]
[ 50 156 145 195  66]
[ 50 156 195 145  66]
[ 55  50 156 145  66]
[189   4  66  50 145]
Key 145 found in: 15 traces
1.0963521999997283 seconds

Attack key: 146
[207 231 238 249 254]
[161 186 232 110 146]
Key 146 found in: 2 traces
0.26984909999964657 seconds

Attack key: 147
[232 233 239 245 255]
[223 170 209 153 241]
[ 55  56 118 209 241]
[ 56  55 118 209 241]
[153  56 118 209 241]
[201 209 147 241 171]
[139 201 147 241 171]
[209 201 147 241 171]
[209 201 147 241 171]
[ 45 171 209 201 147]
Key 147 found in: 10 traces
0.8366771999999401 seconds

Attack key: 148
[116 118 124 227 248]
[193 218 116 227 248]
[167 116 227 193 248]
[158 248 170 116 227]
[ 43  96 116 170 227]
[ 61  96 158 170 227]
[ 64  96 148  89 227]
[ 89  64  96 148 227]
[ 64  96  89 148 227]
[ 36  44  11 227 148]
Key 148 found in: 10 traces
0.8097619000000122 seconds

Attack key: 149
[220 221 226 251 254]
[254  23 220 221 226]
[ 90 132 205 254  19]
[ 90 132 205   4 254]
[ 81 205  77 149 132]
[254 205 132  81 149]
Key 149 found in: 6 traces
0.558949499999926 seconds

Attack key: 150
[100 102 110 234 241]
[  9 102 110 234 241]
[102 110 241 234   9]
[241 181 102 110 234]
[129 241 102 110 234]
[ 46 110 241 102 234]
[ 46 241 234 102 110]
[ 80 234 110 241 102]
[150 234 241 110 102]
[241 150 234 110 102]
[ 92 150 234 110 102]
[  4  92 234 102 110]
[129 228   6 150 110]
[152   5   6 110 150]
Key 150 found in: 14 traces
1.0044485000003078 seconds

Attack key: 151
[245 246 250 251 253]
[200 203 231 242 245]
[151  17 200 231 242]
[117  73 174 151 231]
[179 194  93  73 151]
Key 151 found in: 5 traces
0.45362090000026 seconds

Attack key: 152
[ 79  98 101 172 183]
[ 98  79 101  40 172]
[ 98  22 142 101  40]
[136 218 142 189 101]
[ 32  40 189 218 142]
[199 142  40 152  32]
[238  54  40  32 152]
Key 152 found in: 7 traces
0.5842275999998492 seconds

Attack key: 153
[229 230 235 239 251]
[ 75 129 167 209 235]
[ 89 131  63 179 167]
[150 247 131  63 167]
[167 245 150 131  63]
[ 66 245 131  63 150]
[213 245  66 131 150]
[ 66  63 121 131 150]
[121  63 245 131 150]
[ 53 153 245 131 150]
[ 16  53 153 131 150]
[ 69 131  53 153 150]
[150 156  74 131 153]
Key 153 found in: 13 traces
0.9814406000000417 seconds

Attack key: 154
[189 218 233 237 242]
[ 77 113 119 126 189]
[141 183 193 197 251]
[ 58   7  37 141 255]
[255  58 146  37 141]
[106 255  37  58 141]
[ 13  37 255  58 141]
[154  94  33 119 255]
[232  94  33 119 255]
[154  33  96 119 255]
[ 21 169 231 255 154]
Key 154 found in: 11 traces
0.8354766000002201 seconds

Attack key: 155
[220 221 223 236 241]
[119  85 139 184 241]
[ 40 194 249 108  18]
[158 155 169 185 108]
[108  88 158 155 185]
[190  49 169 203 155]
Key 155 found in: 6 traces
0.5241829999999936 seconds

Attack key: 156
[235 238 246 248 249]
[128 142 177 226 230]
[142 177 230 208 228]
[225  88  64  86 177]
[238  14  88  86 177]
[115  14 230 177  88]
[230 222 141 233  14]
[222 184 115 233  14]
[106 225 115 233  14]
[228 107 223 115 148]
[ 84   4 115   2 148]
[  4  84 148 115   2]
[ 89 232   4 115   2]
[184 113  89 115   4]
[ 89 184 113 115   4]
[248  89 184 113 115]
[ 84  89 184 113 115]
[ 84  89 115 184 113]
[248  84 184  89 113]
[148 184  89 156 113]
[184 190  89 156 113]
[184 190  89 113 156]
Key 156 found in: 22 traces
1.6098207000000002 seconds

Attack key: 157
[204 207 212 218 224]
[164  39  82 117 224]
[237 157 204  51  92]
[237 157  51 204  92]
[177 237  51 157  92]
[177  67  51  92 157]
Key 157 found in: 6 traces
0.5418432000001303 seconds

Attack key: 158
[226 230 233 245 251]
[177 194 223 225 245]
[179 226 148 177 194]
[177 179 194  87 148]
[245 241 152 177 179]
[245 105 241 179 152]
[241  45 245 179 152]
[105 241  45 245 152]
[ 32 241  45 245 152]
[152 105  45  32 245]
[ 64 105 220 241  32]
[ 64 105 220  32 241]
[241 131  64 220  32]
[210 131  64 220  32]
[  4 220 131  64  32]
[ 32 158 105 131 220]
[236 158 105 220 131]
[236 220 158 105 131]
[ 32 236 220 105 158]
Key 158 found in: 19 traces
1.3288414000003286 seconds

Attack key: 159
[236 241 245 247 251]
[139 161 174 210 221]
[108  25 254 133 139]
[108 199 133 103 254]
[193 183 199 103 254]
[105 184  84 183 103]
[ 84  34 184 103 183]
[105 197 231 184 183]
[237 199 105 184 183]
[ 15 199 105 184 183]
[159 199  15 183 184]
[ 75 193 183 159 184]
[144 193  32 159 184]
[183 193  32 159 184]
[183 193  32 159 184]
[188 183  32 159 184]
[193  32 183 159 184]
[171 193 183 159 184]
[144 193 183 159 184]
[212 183 193 159 184]
[212 183 193 159 184]
[ 72 183 193 159 184]
[ 40 183 193 159 184]
[ 72   0 183 159 184]
[ 72   0 183 159 184]
[ 72   0 183 159 184]
[  7   0 183 184 159]
Key 159 found in: 27 traces
1.8546642000001157 seconds

Attack key: 160
[ 71 106 109 164 191]
[157 210  40  71 106]
[ 37  73  70 157 210]
[106  70 157 210  73]
[ 80 241 128  73  70]
[228 210  65 128  73]
[ 70  80 228  65  73]
[ 53 241  56  65  73]
[245  53 241  56  73]
[245 210 241  56  73]
[ 42  98 245 210  56]
[ 42  98 245 210  56]
[160  56  98 210 245]
[160  42  56  98 245]
[ 60  98  42 160 245]
[ 60  98  42 160 245]
[ 60  98  42 160 245]
[ 42 147  98 245 160]
Key 160 found in: 18 traces
1.3212846000001264 seconds

Attack key: 161
[240 243 244 249 253]
[155 163 165 170 177]
[201 152 155 165 170]
[161   0  15 201 152]
[ 86 201  60   0 152]
[117 201 223   0 152]
[152 105 138   0 223]
[ 59 152 105   0 223]
[ 59 201 252 152   0]
[  0 223 201  59 152]
[208 152 223 112  59]
[200 152 208  59 223]
[112 152 239 208  59]
[104 200 239 161 208]
[223 104 200 161 208]
[171 200 208 104 161]
Key 161 found in: 16 traces
1.2129985000001398 seconds

Attack key: 162
[232 233 238 252 254]
[199 201 221 233 238]
[161  24   4 107 238]
[145 179  58 161 107]
[103 179  58 107 161]
[167 134 103 179  58]
[ 24 141  21 109 103]
[141  21 134 162 103]
[181  85  21 162 103]
[181  21  85 162 103]
[102 103 181  21 162]
Key 162 found in: 11 traces
0.8518250000001899 seconds

Attack key: 163
[203 208 211 214 255]
[ 73  77 115 134 214]
[252 111 153  38 214]
[153  64 163  38 214]
[ 77 163 153  38 214]
[213 105  64 163 214]
[105  28  64 163 214]
[213  28  64 163 214]
[253 213  64 214 163]
Key 163 found in: 9 traces
0.7165395000001809 seconds

Attack key: 164
[242 243 245 248 251]
[181 182 245 248 251]
[ 71 132 181 245 107]
[ 21  73  80  27 107]
[ 26 140  15  27  73]
[140 164  71  27  73]
[253  80  27 164  73]
[136 214 253 164  73]
[214 136 253 164  73]
[116 253  15  71 164]
Key 164 found in: 10 traces
0.868409800000336 seconds

Attack key: 165
[135 170 197 199 205]
[205 128 135  73 197]
[245 128 135 197  73]
[245 128 135 197  73]
[131 245 128 135  73]
[197 131 245 135  73]
[128 165 245 197 131]
[197 131 128 165 245]
[ 71 197 131 165 245]
[ 47  71 197 131 165]
Key 165 found in: 10 traces
0.8682488999997986 seconds

Attack key: 166
[234 235 238 241 250]
[158 186 212 218 235]
[ 27  62 122 186 212]
[ 47 177  27 180  62]
[187 180  17 133  27]
[ 17 162 156 180  27]
[133  17 187 156 180]
[196  48 156  17 180]
[ 35 100 196 156 180]
[ 47 133  35 100 156]
[202  47 133  35 156]
[166  90 181 211 202]
[133 202 211 181 166]
Key 166 found in: 13 traces
1.0857152999997197 seconds

Attack key: 167
[234 235 239 240 251]
[123 162 185 235 240]
[ 53  23  38 181 246]
[252 213 246  53  38]
[130 213  21 246  53]
[189 181 130 213 170]
[227 177 245 181 130]
[170   2 167 245 130]
[170   2 130 167 245]
[ 97 174 245 170 167]
Key 167 found in: 10 traces
0.885410999999749 seconds

Attack key: 168
[162 170 205 224 231]
[191   8 162 224 160]
[191 224   8 162 160]
[170  23 224 162 160]
[170  23 224 162 160]
[  8 170 224 162 160]
[ 23 170 144 162 168]
Key 168 found in: 7 traces
0.6495150999999169 seconds

Attack key: 169
[243 246 247 253 254]
[172 175 192 205 243]
[190 158 172 175 192]
[169 172  41 158 175]
[127  78 123 169 175]
[214  34  78 175 169]
Key 169 found in: 6 traces
0.5468328000001748 seconds

Attack key: 170
[243 247 249 250 252]
[175 188 217 224 243]
[ 68  98 104 175 217]
[121 224 222 237  68]
[ 47 224  68 222 237]
[ 47 222 237 224  68]
[ 60 160  37 170 200]
[116 230  37 160 170]
Key 170 found in: 8 traces
0.6724150999998528 seconds

Attack key: 171
[226 228 231 241 255]
[ 18  94  96 173 255]
[ 34 154 200 201 251]
[197 125 144 200 201]
[164   5 122 125 144]
[117 144 164 122 125]
[117   8 164 125 122]
[164 105 117 125 122]
[201 105 164 117 125]
[105 164 117  29 125]
[105  29 164 117 125]
[171 117 105  29 125]
[105 254 171  29 125]
[143 117 254 171 125]
[ 73 183 125 254 171]
Key 171 found in: 15 traces
1.1160527999995793 seconds

Attack key: 172
[222 223 233 234 236]
[183 217 222 234 236]
[222 185 201  71 155]
[205  15 172 183 185]
[201 172  18 108 185]
[201 205 172  18 185]
[ 64  15 222 184 172]
Key 172 found in: 7 traces
0.6029613999999128 seconds

Attack key: 173
[235 239 249 250 251]
[ 15  41  90 149 192]
[  0  77 144  15 192]
[176 183  90 144 192]
[212   6 126  90 235]
[146 154 173  90 235]
[ 12 146 173 235  90]
[126 146 235 173  90]
[126  90 146 173 235]
[126 154 252 230 173]
Key 173 found in: 10 traces
0.7701076999996985 seconds

Attack key: 174
[156 158 219 220 241]
[ 18   9 220 219 241]
[138 167 131 174 219]
[ 18 138 131 174 219]
[220 138 131 174 219]
[131 220 138 174 219]
[ 70 220 131 219 174]
Key 174 found in: 7 traces
0.5871925000001283 seconds

Attack key: 175
[ 66 104 111 161 186]
[ 37  45  66 186 161]
[104  17 186  45  66]
[ 17  77 202 186  66]
[202 186  17  77  66]
[ 45  85 186  76  77]
[159 202  45  85  77]
[ 45  76 186 175  77]
[ 57 159  76 175  77]
[215  17  76  77 175]
Key 175 found in: 10 traces
0.7848988999999165 seconds

Attack key: 176
[227 231 232 244 250]
[203 237 176 211 235]
[ 40 203 176   6 235]
[144  55  65 235 176]
Key 176 found in: 4 traces
0.4137770000002092 seconds

Attack key: 177
[240 243 250 251 254]
[188 196 212 234 250]
[131 235  37 162 250]
[155 100 251 156  42]
[212  47  51 155  42]
[ 87 227 100  47 239]
[150 171  87 227 239]
[150  87  84 227 239]
[186 150 239  87  84]
[227 239 150  87  84]
[186 150 227  87  84]
[ 35  87  65 177 227]
[ 39 145 227 137 177]
Key 177 found in: 13 traces
1.0101568000000043 seconds

Attack key: 178
[235 247 248 252 255]
[ 55  95 173 248 252]
[132 143  55  95 252]
[ 48  55  88 168 132]
[132 174 138  59 234]
[122  88 134  59 138]
[163 132 122 134 138]
[102 172  14 138 103]
[173 115 103 236 178]
Key 178 found in: 9 traces
0.7447213999998894 seconds

Attack key: 179
[134 172 193 195 203]
[222 245 250 193 195]
[ 60 128 222 179 250]
[166 213 222 179 250]
[180 179 213 250 222]
[180 179 213 250 222]
[250  27 213 179 222]
[230 250 213  27 179]
Key 179 found in: 8 traces
0.6576372999998057 seconds

Attack key: 180
[234 241 243 247 253]
[152 163 206 222 241]
[163 222 190 195 136]
[ 27 232 146 190 163]
[ 27 213  31 186 190]
[163 231 252 213  31]
[198 156 200 212 252]
[ 64  68 119 212 252]
[ 64  68 252 119 212]
[119 180  64  68 212]
[  3  64 140 119 180]
Key 180 found in: 11 traces
0.8547277000002396 seconds

Attack key: 181
[ 65  73  75 197 222]
[182 231  65  38 222]
[ 65 112  10 222 181]
Key 181 found in: 3 traces
0.3376205999998092 seconds

Attack key: 182
[224 227 229 246 248]
[ 92 103 104 130 177]
[188  47  92 130 177]
[183 130 166 188  47]
[ 47 219 130  92 188]
[ 91 123  17 188 130]
[ 92  91 123 188 130]
[ 81 182  92 123 130]
[  5 182  92 214 130]
[  5 182  92 214 130]
[181  92 182 130 214]
[144 196 182 130 214]
[ 21 144 130 214 182]
Key 182 found in: 13 traces
0.96655439999995 seconds

Attack key: 183
[234 235 244 245 246]
[200 228 234 235 246]
[ 87  90 228 234 235]
[111 204 191 206 200]
[183 231 184 200 191]
[183 172 111 204 231]
[ 91 233 183 204 172]
[191  93 172 183 111]
[191  93 172 111 183]
Key 183 found in: 9 traces
0.7187365999998292 seconds

Attack key: 184
[184 220 226 244 250]
[218 129 178 184  55]
[126 177 207 218 184]
Key 184 found in: 3 traces
0.3455555999998978 seconds

Attack key: 185
[188 193 197 218 242]
[ 45 114 144 188 242]
[144 242  42 114 188]
[ 91 199  43 165 185]
Key 185 found in: 4 traces
0.39539479999984906 seconds

Attack key: 186
[215 216 233 240 245]
[128 162 211 214 216]
[216 228 234 158 128]
[162 216 228 234 128]
[  6 109  90 228 234]
[234 235 179 128 162]
[ 28 234 213 162 128]
[215 186 235 234 162]
[ 80 234 228 215 186]
Key 186 found in: 9 traces
0.7266921000000366 seconds

Attack key: 187
[214 218 223 226 255]
[ 52 130 187 223 217]
[ 52 223 130 187 217]
[247 223 130 187 217]
[ 26 223 130 187 217]
[ 26 223 130 187 217]
[115  26 223 187 217]
[ 52  26 223 187 217]
[ 52  26 223 187 217]
[ 87  26 223 217 187]
Key 187 found in: 10 traces
0.8282057999999779 seconds

Attack key: 188
[220 234 237 244 253]
[151 166 191 220 244]
[220  98 102 169 142]
[125  31  98 169 102]
[ 54 125 169 102  31]
[142 226  54 125  31]
[169 198 188  17 226]
[152  81 169  17 188]
Key 188 found in: 8 traces
0.6724167000002126 seconds

Attack key: 189
[246 247 249 252 253]
[217 242 246 249 253]
[204  73 242 253 217]
[ 33 139  13  52 253]
[240  92  73 189 218]
[ 92 194  31 189 218]
[181 216 168 189  92]
[ 31 240 216  92 189]
Key 189 found in: 8 traces
0.6541519999996126 seconds

Attack key: 190
[242 245 246 251 255]
[177 193 207 235 242]
[ 31 158 207 109 235]
[107 147  43 224 207]
[176  83  31  47 224]
[119 255 176  83  47]
[ 12 115 167 171  59]
[ 12 115 171 167  59]
[190 115 167  59 171]
[190 171 115 167  59]
[190  33 171 167  59]
[126 171 178 167 190]
Key 190 found in: 12 traces
0.917769700000008 seconds

Attack key: 191
[162 165 224 226 232]
[108 119 162 165 226]
[191 217 144 162 119]
[162 234 191 119 144]
[ 85 162 234 144 191]
Key 191 found in: 5 traces
0.4702066999998351 seconds

Attack key: 192
[233 237 240 248 255]
[231 133 230 116 240]
[203 178 177 128 116]
[178 203 177 128 116]
[ 94 203 178 177 116]
[192 158 203 177 116]
[ 86 192 130 177 116]
[ 58 200  87 192 130]
[116 175  39 192 130]
[116 175  39 130 192]
Key 192 found in: 10 traces
0.7825908999998319 seconds

Attack key: 193
[185 192 196 223 247]
[ 47 106  68 137  96]
[ 44  83 141 137  96]
[106  44 141 137  96]
[137 216 106  44  96]
[ 94 216 106  44  96]
[201 243 216 211 106]
[216   8 106 193 243]
[137 216 193 106 243]
[137 216 193 106 243]
[180 230 193 106 243]
[  8 180 243 193 106]
[ 18 216 243 193 106]
[ 18 216 243 193 106]
[  8  18 243 193 106]
[ 38  18 106 243 193]
Key 193 found in: 16 traces
1.1713125999999647 seconds

Attack key: 194
[237 239 242 245 255]
[233 235 237 239 242]
[101 171 224 235 239]
[ 43  53 101 171 239]
[101  83  93 160  53]
[106 101 242 160  53]
[103 106 101 242  53]
[ 68 252 201 242  53]
[252 103 201 242  53]
[252 103 201  53 242]
[252 112 103 229  15]
[ 98 160 194 252 229]
[160  98 229 252 194]
Key 194 found in: 13 traces
0.9745514999999614 seconds

Attack key: 195
[ 74  77  96 131 152]
[ 15  74  96 131 152]
[  2 127 161  96  74]
[ 96 220   2 161  74]
[161 127 146   2  74]
[161 127  74 146  18]
[161 127  74  18 146]
[102 241  22 104 195]
Key 195 found in: 8 traces
0.6902605000000221 seconds

Attack key: 196
[231 236 242 245 250]
[196 226  55 143 190]
[ 33  40 245  55 190]
[ 39  33 196  55 190]
[ 40 196  33  55 190]
[ 33  70  40  88 202]
[ 78  33 196  40  70]
[172  78  70  33 196]
Key 196 found in: 8 traces
0.6898808000000827 seconds

Attack key: 197
[235 241 242 246 249]
[237  14  71 116 170]
[182 189  97 124 237]
[ 41 130 237  44 124]
[184 130  41 237 124]
[197  88 184 141 138]
[210 197  88  82 141]
[184 197  88 210 141]
[ 33 184  88 197 210]
[ 33 184  88 197 210]
[115 184  88 197 210]
[231  33 115 197 210]
[219 231  33 184 197]
Key 197 found in: 13 traces
0.968380199999956 seconds

Attack key: 198
[237 239 244 245 251]
[248 159 181 238 103]
[201 124 248 159 103]
[ 35 201 124 159 103]
[ 35 124 201 159 103]
[201  90 159 124 103]
[ 90 159 198 201 103]
[250 103  90 198 201]
[250 103  90 198 201]
[ 90 250 103 198 201]
[250 102 103 198 201]
[ 90 250 201 103 198]
Key 198 found in: 12 traces
0.9016848999999638 seconds

Attack key: 199
[244 246 250 252 255]
[148 191 202 214 236]
[191 202 117 129   5]
[181 129  67 202 117]
[179 147 181 129  67]
[121 179 181 147 129]
[179 181 121 147 129]
[ 84  53 129 121 179]
[121 195 181 129  15]
[ 10 181 129 195  15]
[121 179  10 181 195]
[195  10 181 179 121]
[133 129 179  10 121]
[199 133 179  10 121]
[102 133 179 199 121]
[ 57 133 199 121 179]
[148 133 199 121 179]
[182 148 199 121 179]
[198   1 121 199 179]
[  0  32 214 199 179]
[  0   1 214 199 179]
[214   1   0 179 199]
Key 199 found in: 22 traces
1.6553503000000092 seconds

Attack key: 200
[217 242 244 248 253]
[170 188 217 242 244]
[118 120  89 188 244]
[120 188 244  76 150]
[188 244  70 120 150]
[236 244  66 188 120]
[167 188 120 236  66]
[ 70 167 120  66 236]
[124  92 168 221 167]
[221  66 150 124 167]
[ 28 146 150 124 167]
[168 167 124 200  28]
[168 124 167 200  28]
[221 167 124 200  28]
[168  28 167 124 200]
Key 200 found in: 15 traces
1.1598736999999346 seconds

Attack key: 201
[224 227 229 246 248]
[ 64 122 126 181 229]
[ 31  64 122 126 229]
[126  35  41  89 229]
[114 201  64 126  89]
[ 47 201  89  64 126]
[ 47 114  89 201  64]
[126  47  64  89 201]
Key 201 found in: 8 traces
0.6793210999999246 seconds

Attack key: 202
[190 244 252 254 226]
[246 226 244 192 252]
[231 192 156 232 202]
Key 202 found in: 3 traces
0.35888500000010026 seconds

Attack key: 203
[209 214 243 245 246]
[159 100 166 192 132]
[166 239 192  19 159]
[ 19 166 239 192 159]
[239 203 159 166 192]
[239 203 159 166 192]
[159 239 192 203 166]
[161 239 192 159 203]
Key 203 found in: 8 traces
0.7986900000000787 seconds

Attack key: 204
[244 246 248 250 253]
[ 83  99 188 200 248]
[205 203 249 188 248]
[  4 205 203 249 248]
[180 191 203 205 248]
[ 47 200 191 203 248]
[191 200  40  47 203]
[114  47 119 191 203]
[121 114 119 191 203]
[215 181 119 191 203]
[217 181 191 119 203]
[204 217 119 181 191]
[191 114 204 181 119]
[191 114 181 204 119]
[181 191 200 204 119]
[205 119 114 200 204]
Key 204 found in: 16 traces
1.3129441999999472 seconds

Attack key: 205
[ 82  88  97 215  58]
[ 20  60   2 215  58]
[ 94   2  60 215  58]
[92 26  4 60 58]
[26 94  4 60 58]
[144  26   4  60  58]
[144  26   4  60  58]
[255 205 144  60  58]
[205  26 144  60  58]
[205  26 144  60  58]
[ 26 205 144  58  60]
[191 248 204  58 205]
Key 205 found in: 12 traces
0.9327114000002439 seconds

Attack key: 206
[224 229 230 243 253]
[  7 122 224 230 243]
[ 44 176 224 243 230]
[127 244 229 224 230]
[ 12 195 127 224 230]
[120 135 224  12 127]
[176 120 135  12 127]
[195 206  12 116 229]
[108 101  95 195 206]
Key 206 found in: 9 traces
0.7724393999997119 seconds

Attack key: 207
[ 83  84 121 129 154]
[ 30  73  97 139 163]
[ 30  73  97 139 163]
[ 73  30  97 163 139]
[ 73 163  30  97 139]
[154 163 184  30 139]
[ 56 252  30 154 139]
[154 207  56 252 139]
[ 30 154 207  56 252]
[128 181  62 154 252]
[128  56 181  62 252]
[164 181  62  56 252]
[186 164 187 207 252]
[186 164 187 252 207]
Key 207 found in: 14 traces
1.070028099999945 seconds

Attack key: 208
[234 246 249 253 254]
[168 172 178 191 254]
[232 139 178 254 208]
Key 208 found in: 3 traces
0.3362822999997661 seconds

Attack key: 209
[236 237 245 250 253]
[153 189 206 210 237]
[189 210 232  37  56]
[119 128 210  56  37]
[209  87 133 245  37]
[ 20  56 209  87  37]
[128  56 245  37 209]
Key 209 found in: 7 traces
0.6006857000002128 seconds

Attack key: 210
[ 73  78 100 135 156]
[216 236  11   9 156]
[  6  50 216   9 156]
[135  11   1  50 156]
[237 112 222 150 182]
[236  78 102  18 182]
[210  78  18 102 182]
[222 210  78 102 182]
[ 78 102 222 210 182]
[ 78 222 102 210 182]
[182 220 222 102 210]
Key 210 found in: 11 traces
0.8798015999996096 seconds

Attack key: 211
[216 220 223 232 245]
[171 172 198 232 245]
[ 92 245  26  74 159]
[ 49  76  16 214 245]
[103  49  76 214 245]
[ 91 103 168 139  49]
[ 49  23 103  58  79]
[211 103  23  58  79]
[136  86  49 211  79]
[136  86  49 211  79]
[ 86 136 211  49  79]
[184 136  49 211  79]
[104 184 211  49  79]
[104 208  49 211  79]
[182 104 211  49  79]
[182 104  49 211  79]
[182 104  49 211  79]
[124 104  49 211  79]
[217 129  49 211  79]
[124 129  49 211  79]
[125 124  49 211  79]
[125 124  49  79 211]
Key 211 found in: 22 traces
1.5861531000000468 seconds

Attack key: 212
[ 80  88  90 207 212]
Key 212 found in: 1 traces
0.2130155999998351 seconds

Attack key: 213
[234 236 245 246 247]
[231 160  46 162 205]
[231 137  27 210 213]
Key 213 found in: 3 traces
0.34982799999988856 seconds

Attack key: 214
[210 213 241 242 247]
[216 240  92 172  27]
[214 172 240  92  27]
[  2 146 235 240  92]
[ 52 240 146 235  92]
[ 37 195   2 235  92]
[244 214  37 235   2]
[  5 120 119 214   2]
[ 37 146 120 214   2]
[ 19 120 214   5   2]
[ 27   5   2  19 214]
Key 214 found in: 11 traces
0.891876400000001 seconds

Attack key: 215
[240 243 244 251 252]
[226   1 214 215 224]
[ 24  50 215 187 200]
[162  24 211 215 187]
[ 35 240 162 211 215]
Key 215 found in: 5 traces
0.46800589999975273 seconds

Attack key: 216
[ 75  97 102 168 179]
[138 222 168  36 102]
[ 29  41  24 102  36]
[ 24  29  41  36 102]
[ 48  24 102  41  36]
[123  41  48  36 102]
[199 123  48  36 102]
[ 28 196 249 102  95]
[196 216  95 249 102]
[200  95 157 249 102]
[ 28 157 249  95 102]
[ 95 200 102  74  28]
[102   1 216 200  74]
[ 29   1 200 216  74]
[ 29   1 106 216  74]
[249   1 106 216  74]
[162 249  74 106 216]
Key 216 found in: 17 traces
1.2533484000000499 seconds

Attack key: 217
[199 208 228 235 236]
[ 58  59 180 199 236]
[ 48 126 199 180 236]
[234 126  48 180 236]
[236 145  62  59 234]
[145 162 204 123 236]
[196  39 204 123 236]
[242 182 196 172 123]
[106  48 236 182 123]
[163 174 217 172 236]
[120  80  51  13 217]
Key 217 found in: 11 traces
0.8631239999999707 seconds

Attack key: 218
[235 237 245 250 251]
[163 218 237 112 231]
[221 152 154  50 218]
Key 218 found in: 3 traces
0.34947620000002644 seconds

Attack key: 219
[248 250 253 254 255]
[223 232 239 253 255]
[174 190 219 223 232]
[138 174 223 142 232]
[161 226 138 174 232]
[117  13 138 232 174]
[ 42 232  19 174 219]
Key 219 found in: 7 traces
0.6154630000000907 seconds

Attack key: 220
[116 118 126 225 250]
[216 235 116 225 250]
[ 79 124  64 138 116]
[ 22 116 250 220  79]
[  1 102 116 250 220]
Key 220 found in: 5 traces
0.47821079999994254 seconds

Attack key: 221
[216 217 221 230 251]
[ 44  66   4  72 113]
[66  4 72 18 44]
[227 199 249 221  44]
[ 66   4  56 249  44]
[221  66   4  56 249]
[249  48 160 221  66]
[227 249  66  48 221]
Key 221 found in: 8 traces
0.6570636000001286 seconds

Attack key: 222
[184 193 197 222 246]
[252  16  82 197 222]
Key 222 found in: 2 traces
0.2892590999999811 seconds

Attack key: 223
[151 186 213 215 221]
[227 236 213  66 221]
[216 227 213  66 221]
[251  66 213  72 216]
[ 87 251 213  72 216]
[251 223 213  72 216]
[ 53  72 251 223 213]
[225 101  53 251 223]
Key 223 found in: 8 traces
0.6642927000002601 seconds

Attack key: 224
[216 219 220 236 241]
[194 206 212 216 219]
[203 113 144 177 206]
[235  91 150 114 177]
[143 125 253 119 224]
Key 224 found in: 5 traces
0.4744458999998642 seconds

Attack key: 225
[231 237 238 247 252]
[107 114 149 183 247]
[161 191 237 197 147]
[ 43 146 237 161 147]
[ 76 225 114 237 133]
[ 33 161 225 237 133]
[ 32 161 165   7 225]
Key 225 found in: 7 traces
0.6031411999997545 seconds

Attack key: 226
[241 244 248 251 252]
[122 144 147 224 225]
[117 165 122 144 225]
[ 15  89 164 147 224]
[ 89 132 158 147 171]
[ 89 214 132 158 147]
[241  39 158 198 147]
[171  39 117 198 147]
[198 164 117  39 147]
[242 198 164 117 147]
[132 198 226 164 147]
[ 39 226 164 198 147]
[ 39 226 164 198 147]
[125 164 198 226 147]
[125 198 164 226 147]
[198 125 164 147 226]
Key 226 found in: 16 traces
1.2422271000000364 seconds

Attack key: 227
[175 201 210 214 225]
[ 84 247  18  35 131]
[244  17  32  84 247]
[170  27  72 103 234]
[216 170  20 103 234]
[ 74 211 216 234 103]
[170 223  74 103 211]
[ 25 170 223  18  74]
[159  32 130 103  18]
[159  39 223 120 130]
[ 39 223 131 159 130]
[103 168 130  39 159]
[223 120 130  39 159]
[227 131 103  39 159]
[103  39   1 159 227]
Key 227 found in: 15 traces
1.2008336999997482 seconds

Attack key: 228
[246 249 251 253 255]
[176 218 221 238 242]
[ 55  85 113  66  16]
[ 55  66 203  41 231]
[ 56  91 142  99  67]
[ 91  99  56 142  67]
[  1 199  91 142  67]
[ 45 183  91 228 220]
[109  91  45 228 220]
[ 65 226  45 220 228]
Key 228 found in: 10 traces
0.8943048999999519 seconds

Attack key: 229
[246 247 248 249 250]
[183 201 212 228 249]
[100 149 253 141  65]
[ 77 100 141 175 250]
[174  88 250 141 175]
[145  68 229 211 205]
[219 250 179 229 205]
[219 179 250 229 205]
[102 145 179 250 229]
Key 229 found in: 9 traces
0.7491616000002068 seconds

Attack key: 230
[233 237 252 253 255]
[ 94  99 101 206 253]
[ 16  35 253  71 180]
[179 191 130  15  71]
[230  50 191 180  71]
[226  49   1  71 230]
Key 230 found in: 6 traces
0.5228522000002158 seconds

Attack key: 231
[ 89  94 116 140 151]
[ 19 116  25  27  89]
[ 39 123 200 231  89]
[ 39 200 231 123  89]
[ 45  39 231 123  89]
[ 45 140 123 231  89]
[ 89  39   0 123 231]
Key 231 found in: 7 traces
0.6032399000000623 seconds

Attack key: 232
[226 230 235 239 255]
[ 68 129 137 183 193]
[180  95 199 129 137]
[147 137  25  91 121]
[121 108 152  22 137]
[ 40 167 161 232 226]
[202 116 161 232  40]
[202 116 161 232  40]
[  1 202  40 161 232]
Key 232 found in: 9 traces
0.726281199999903 seconds

Attack key: 233
[237 239 244 249 254]
[155 158 189 221 225]
[ 65 133 138 221 225]
[ 49 220  65 133 138]
[ 59 210 102 143  65]
[254 233  65  59 102]
[ 65 254 233  59 102]
[255 102  65 254 233]
Key 233 found in: 8 traces
0.7158438999999817 seconds

Attack key: 234
[228 231 233 237 249]
[  3  65  70  71 116]
[ 66  85 118 191  71]
[183   7  37  66  85]
[231 183 229   7  85]
[ 49  37  15 183 231]
[165  57  15  37 231]
[ 47 234  57 144 231]
[165  47 234 144  57]
[165  47 234  57 144]
[229 165  47 234  57]
[229 115  47 234  57]
[115  57 191  47 234]
Key 234 found in: 13 traces
1.0642573000000084 seconds

Attack key: 235
[249 250 251 252 253]
[220  89 124 206 235]
Key 235 found in: 2 traces
0.2754190999999082 seconds

Attack key: 236
[232 237 238 245 251]
[160 163 254 106 232]
[144 251  15 254 106]
[  6 144 112 167 160]
[232 160   6 114 167]
[119 114  70  80 236]
Key 236 found in: 6 traces
0.5598401000002013 seconds

Attack key: 237
[248 250 251 252 255]
[194 248 250 252 255]
[177  91 251  50 248]
[ 30  44  56 167  91]
[206  91  44  56 167]
[  6  30 146 228 206]
[ 44 157  46 153 146]
[ 12 232 157  46 146]
[192 237  30 232  46]
[156 237  30 232  46]
[164 156 237  30  46]
[147 153 157 164 237]
Key 237 found in: 12 traces
0.9137544000000162 seconds

Attack key: 238
[248 251 252 253 255]
[109 137 179 197 255]
[255  86 199 109 197]
[118 154 109  59 174]
[168 161  63 109 174]
[166 238  93  86 217]
[250  86  36 252 238]
Key 238 found in: 7 traces
0.5754489000000831 seconds

Attack key: 239
[234 246 249 253 254]
[183 185 188 195 253]
[166  54  57 135 137]
[133  54 137 239 135]
[166 137 239  54 135]
[166  54 225 135 239]
Key 239 found in: 6 traces
0.517124099999819 seconds

Attack key: 240
[ 65 107 108 162 185]
[108 162  44  65 185]
[155  46 108 162  44]
[107 108 104 155 162]
[133 141 255 107 247]
[147 133 141 255 107]
[ 94  53 240 255 107]
[ 94  53 240 255 107]
[141  53 107 255 240]
Key 240 found in: 9 traces
0.6923157999999603 seconds

Attack key: 241
[231 236 239 246 253]
[148 174 213 239 253]
[239  12 134 148 213]
[136  55  12 134 213]
[241  68  63 160 134]
[230 231  51 241 134]
[160  51 140 241 134]
[160 121 230 134 241]
Key 241 found in: 8 traces
0.6368193000002975 seconds

Attack key: 242
[217 227 238 245 251]
[ 59  77 155 171 245]
[ 31 169 244 154 242]
Key 242 found in: 3 traces
0.3312089000000924 seconds

Attack key: 243
[170 173 224 232 234]
[117 159 127 224 234]
[135 127 224 234 159]
[135 134 224 234 159]
[127 171 135 234 224]
[229 234 171 135 224]
[134 243 234 171 224]
[159  66 243 224 171]
[159 135 243 171 224]
[134 159  23 135 224]
[ 20 134 159  23 224]
[159 134 234  20  23]
[224 127 243  20  23]
[224 102 234 243  20]
[224 134 234 243  20]
[136 134  20 224 243]
Key 243 found in: 16 traces
1.1301996000001964 seconds

Attack key: 244
[232 233 238 244 254]
[176 182 232 233 254]
[110 119 142 232 254]
[ 80 101 110 119 142]
[101 119 232 110 142]
[244 169 152 129 142]
[152  30  19 129 142]
[152  30 244 129 142]
[ 21 255  30 129 142]
[101 211  21 255 142]
[244  21 249 255 142]
[101 255 249  21 142]
[101 255 249  21 142]
[101 255  21 249 142]
[161  21 255 249 142]
[129 161  21 142 255]
[161 211  21 142 255]
[211 244 129  21 255]
[ 17 161  21 211 244]
Key 244 found in: 19 traces
1.3189589999997224 seconds

Attack key: 245
[203 210 227 236 238]
[ 65  74 124 182 210]
[ 91 154 245  34 182]
[ 74 227  84 249 154]
[140 124  57  65 181]
[211  84 154 181 245]
Key 245 found in: 6 traces
0.5202436999998099 seconds

Attack key: 246
[241 242 250 251 252]
[ 71  96 121 135 159]
[ 96 121 110 230 135]
[ 65 131 142 141 135]
[129 247 131  65 135]
[ 17 129 247 131 135]
[ 96 129 247 131 135]
[142 129 247 131 135]
[107 142 129 247 135]
[131 107 142 129 135]
[131 142 107 129 135]
[131 129 142 107 135]
[ 29 129 246 135 142]
[ 29 129 131 142 246]
Key 246 found in: 14 traces
1.0406729000001178 seconds

Attack key: 247
[176 201 205 214 254]
[153 159 176 214 254]
[ 95 105 159 214 254]
[137 143  27 159  95]
[181 205 137 143  95]
[119 137 203 143  95]
[ 85 137  53 203  95]
[247 117 169 143 203]
[137 239  60 247 169]
[169 203 137  60 247]
Key 247 found in: 10 traces
0.7616852000001018 seconds

Attack key: 248
[247 248 250 252 254]
[204 219 220 240 254]
[126 146 225  67 220]
[ 71 121  95  81 146]
[121 139 195 248 142]
[121  20 248 195 142]
[ 20 142  27 121 248]
Key 248 found in: 7 traces
0.567823800000042 seconds

Attack key: 249
[173 203 208 212 227]
[212  16  27  31  66]
[ 16  27  31  78 115]
[166  16  14 106 115]
[178  18 221 245 115]
[196 249  18  16 245]
[ 88 196 249  16 245]
[249  34 115  88 196]
[ 32 196  30 249  34]
[107  32  34 249  30]
[ 34 107  32 249  30]
[ 18  34  30 107 249]
Key 249 found in: 12 traces
0.8850059999999758 seconds

Attack key: 250
[228 229 230 233 239]
[ 38  78  92 215 217]
[ 53 150  78  28 215]
[ 53  62 254 210  78]
[213 250 137 143 175]
[213 250 137 143 175]
[ 89 162 229 250 175]
[  0 250 162 229 175]
[  0 250 162 229 175]
[ 50  83 250 229 175]
[ 51  69 250 229 175]
[240 193  16  83 250]
Key 250 found in: 12 traces
0.8846405999997842 seconds

Attack key: 251
[206 213 223 240 247]
[155 175 177 195 247]
[156 214  24 150 251]
Key 251 found in: 3 traces
0.3326845999999932 seconds

Attack key: 252
[249 250 252 253 254]
[175 179 184 207 242]
[ 36  42 124 157 175]
[174 119 102  13 157]
[160 230 158 147  13]
[ 94 157  13 160 147]
[144  13 252 157 147]
[144  13 252 157 147]
[170 174  13 252 157]
[151 174 170 252 157]
[160 151 174 252 157]
[160 151 174 252 157]
[160 174 151 157 252]
Key 252 found in: 13 traces
0.9514965999997003 seconds

Attack key: 253
[234 238 239 251 253]
Key 253 found in: 1 traces
0.19839630000024044 seconds

Attack key: 254
[ 91  92 113 137 146]
[180  22  30 113 137]
[126  22  30 113 137]
[ 28 228  20   9  39]
[107 205 228   9  39]
[  5 171   9 248  39]
[  5 171 254   9 248]
[254  65 171 248   9]
[ 20 254  65 171   9]
[ 65 171  39  20 254]
Key 254 found in: 10 traces
0.769818899999791 seconds

Attack key: 255
[230 232 251 253 254]
[180 251 254  56 171]
[162 251 254  56 171]
[108 122 104  56 171]
[108 122 216 180 104]
[100 219  68 104  43]
[126 219  43  68 104]
[126 255 219  68 104]
[ 59  60 139 126 219]
[ 43 208  59 126 219]
[ 68 255 208  59 219]
[ 60 208 255  59 219]
[ 67  60 208 255 219]
[229 189  67 104 255]
Key 255 found in: 14 traces
1.045040599999993 seconds

